///////////////////////////////////first_layer_weights 2000 iterations
w[0][0] = 16'b00000001_10010010  //1.5703248
w[0][1] = 16'b00000001_00011001  //-0.9058545
w[0][2] = 16'b00000000_10110100  //0.70341617
w[0][3] = 16'b00000010_11000111  //-1.2251834
w[0][4] = 16'b00000000_00000011  //0.012328686
w[0][5] = 16'b00000001_11001001  //-0.21727897
w[0][6] = 16'b00000000_00110001  //0.19400162
w[0][7] = 16'b00000001_00110101  //-0.7959027
w[1][0] = 16'b00000001_10101010  //-0.33978328
w[1][1] = 16'b00000000_10001001  //0.5375133
w[1][2] = 16'b00000000_10111001  //0.7256561
w[1][3] = 16'b00000000_00010011  //0.07716261
w[1][4] = 16'b00000000_10101011  //0.6681833
w[1][5] = 16'b00000000_01101101  //0.4264691
w[1][6] = 16'b00000000_00111011  //0.23124094
w[1][7] = 16'b00000000_11100110  //0.9004446
w[2][0] = 16'b00000000_01111001  //0.47430462
w[2][1] = 16'b00000001_00011011  //1.1084449
w[2][2] = 16'b00000000_10100101  //0.64560646
w[2][3] = 16'b00000001_00010011  //1.0780641
w[2][4] = 16'b00000000_01100011  //0.3869131
w[2][5] = 16'b00000001_10110101  //-0.2956093
w[2][6] = 16'b00000001_01011111  //-0.62907535
w[2][7] = 16'b00000000_00111010  //0.22700319
w[3][0] = 16'b00000010_11100010  //-1.1182696
w[3][1] = 16'b00000001_10101101  //-0.3265861
w[3][2] = 16'b00000000_01101110  //0.43259645
w[3][3] = 16'b00000001_01111110  //-0.50953704
w[3][4] = 16'b00000001_00010100  //-0.92571914
w[3][5] = 16'b00000000_11000111  //0.77855444
w[3][6] = 16'b00000001_11110100  //-0.04987151
w[3][7] = 16'b00000000_00110111  //0.21744688
w[4][0] = 16'b00000001_11101101  //-0.07764574
w[4][1] = 16'b00000000_01000111  //0.27748296
w[4][2] = 16'b00000001_00000110  //-0.97765505
w[4][3] = 16'b00000001_10100011  //-0.36329082
w[4][4] = 16'b00000001_10010110  //1.5895832
w[4][5] = 16'b00000010_10010000  //2.5629609
w[4][6] = 16'b00000001_01010000  //-0.69129616
w[4][7] = 16'b00000000_00000000  //0.0022023201
w[5][0] = 16'b00000001_11101011  //-0.08437574
w[5][1] = 16'b00000000_00110010  //0.19649807
w[5][2] = 16'b00000000_00010101  //0.084379956
w[5][3] = 16'b00000000_11000001  //0.7563074
w[5][4] = 16'b00000000_10111111  //0.7479352
w[5][5] = 16'b00000000_10100101  //0.64791405
w[5][6] = 16'b00000000_00001000  //0.034394573
w[5][7] = 16'b00000000_00010110  //0.08877538
///////////////////////////////////first_layer_biases
w[6][0] = 16'b00000001_10010111  //-0.41236722
w[6][1] = 16'b00000000_11010110  //0.8389344
w[6][2] = 16'b00000001_00100111  //-0.8495003
w[6][3] = 16'b00000001_00101101  //1.1764028
w[6][4] = 16'b00000001_01010111  //-0.6631521
w[6][5] = 16'b00000001_00110011  //-0.80263793
w[6][6] = 16'b00000001_11011010  //-0.14870928
w[6][7] = 16'b00000000_11000111  //0.7796567
///////////////////////////////////second_layer_weights
v[0][0] = 16'b00000011_01110000  //3.4387746
v[1][0] = 16'b00000010_11111000  //-1.0313281
v[2][0] = 16'b00000110_00000011  //6.0122094
v[3][0] = 16'b00000010_10100010  //-1.3689508
v[4][0] = 16'b00000001_01111100  //1.4879106
v[5][0] = 16'b00000011_01000011  //3.2637894
v[6][0] = 16'b00000000_10001101  //0.55314714
v[7][0] = 16'b00000101_11001111  //-2.194313
///////////////////////////////////second_layer_biases
v[6][0] = 16'b00000001_00001010  //-0.96334434